 +0.2d-1 +0.2d-1 +1.0d-3 +0.2d-1 +0.2d-1 +1.0d-3 +0.1d-3 +0.2d-1
 +5.0d-2 +1.0d-3 +1.0d-2 +1.0d-2 +1.0d-2 +2.0d-3 +2.0d-1 +1.0d-2 +1.0d-3 +2.0d-2 +2.0d-2
 +5.0d-2 +5.0d-2 +2.0d-2 +2.0d-2 +0.3d-2 +1.0d-2 +1.0d-2 +1.0d-2 +1.0d-2
 1111 1111 1111111 01110 11011 11111 11111 11111 11111 11111 11111 01111 10 1.000d-05 1.000
  1  0  2  0
0 0 01 0 0 0 0 1 1 1 1
1 1 0 0 1 1 0 -3 -2 0 2 1 0 0 0   0.0000
1   58544.995870 0.5239900000D+00  0.000000D-10    0.0000 0.00000  1
 3 0 1 1  20  20  10  10     0.000000  0.00000D-03 0.00000  100.000
.00000 0.102911D+02    1.0000    1.0000   -0.0000   39.040  0.320  0.320   0.00    1.0000    1.0000
 0.7000  0.9208  0.500  0.500 0.196700D+01 0.509071D+01 0.100000d+00  0.500  0.500  0.500  0.500  2.73240
0.000000D+00 0.0000000D+02   00.00000 0.000000 3.6276558   44655.41483100
  7 0.634520D+01 1.112000D+00  0.548  0.601  0.302  0.263  0.0000D-04 0.000D+00 1 0.68500D-06 0.65000 0.75000 0.25000 0.25000 1
 0.550000  0.0000 0.1000D+01 0.36895D+00
300.00000
300.00000
150.
   58544.74440   0.834223   1.000
   58544.78399   0.898443   1.000
   58544.82357   0.958648   1.000
   58544.86315   0.987500   1.000
  -10001.
 2